<?xml version="1.0"?>
<opencv_storage>
<nrOfFrames>25</nrOfFrames>
<image_Width>640</image_Width>
<image_Height>480</image_Height>
<board_Width>9</board_Width>
<board_Height>6</board_Height>
<square_Size>25.</square_Size>
<FixAspectRatio>1.</FixAspectRatio>
<!-- flags:  +fix_aspectRatio +fix_principal_point +zero_tangent_dist -->
<flagValue>14</flagValue>
<Camera_Matrix type_id="opencv-matrix">
  <rows>3</rows>
  <cols>3</cols>
  <dt>d</dt>
  <data>
    4.6007594584636723e+002 0. 3.1950000000000000e+002 0.
    4.6007594584636723e+002 2.3950000000000000e+002 0. 0. 1.</data></Camera_Matrix>
<Distortion_Coefficients type_id="opencv-matrix">
  <rows>5</rows>
  <cols>1</cols>
  <dt>d</dt>
  <data>
    -2.7253543441366485e-001 1.2736367739291687e+000 0. 0.
    -2.1814416296266996e+000</data></Distortion_Coefficients>
<Avg_Reprojection_Error>2.0496827952865684e+000</Avg_Reprojection_Error>
<Per_View_Reprojection_Errors type_id="opencv-matrix">
  <rows>25</rows>
  <cols>1</cols>
  <dt>f</dt>
  <data>
    1.58761907e+000 1.38813329e+000 1.34311676e+000 1.31082594e+000
    1.37763619e+000 1.33881831e+000 1.55372751e+000 1.55327225e+000
    2.05486917e+000 2.10078692e+000 2.05607891e+000 2.05544543e+000
    2.02420998e+000 1.81454504e+000 1.66894007e+000 1.70050967e+000
    1.66514230e+000 1.73108780e+000 1.66754341e+000 1.61298215e+000
    2.37037349e+000 3.07123756e+000 3.27084208e+000 3.27575278e+000
    3.27965856e+000</data></Per_View_Reprojection_Errors>
<!-- a set of 6-tuples (rotation vector + translation vector) for each view -->
<Extrinsic_Parameters type_id="opencv-matrix">
  <rows>25</rows>
  <cols>6</cols>
  <dt>d</dt>
  <data>
    -7.9156540978730455e-002 1.4828042280222289e-001
    3.0903300935610547e+000 6.5457400850382783e+001
    6.9497219871489619e+001 2.5988654424900147e+002
    -3.4649901627844489e-002 8.8826750987854419e-002
    3.0888807386215049e+000 6.4454826461674983e+001
    6.6976388533007110e+001 2.5706097697166183e+002
    -5.2514534037458857e-002 1.1245404992409366e-001
    3.0939707379504311e+000 6.3465862733642126e+001
    6.8424235701546507e+001 2.6006394602870790e+002
    -4.9801015544692649e-002 1.0833462120764591e-001
    3.0928403166605376e+000 6.3985874022019367e+001
    6.8906086769890237e+001 2.5951935789423277e+002
    -4.5143944841097197e-002 1.0856265335497957e-001
    3.0948357185322601e+000 6.2728988833400052e+001
    6.9617499974590970e+001 2.5910628709279422e+002
    -5.7632982939941117e-002 1.1261414618066994e-001
    3.0958159682631448e+000 6.1841524220660560e+001
    7.0236259181771146e+001 2.6095207268292444e+002
    -4.8111242470995179e-002 -1.5878721561978695e-001
    -3.0141533856049207e+000 4.5296145586754029e+001
    7.7598992306794273e+001 2.5523346350435776e+002
    -7.1713839209112090e-002 -1.6736233011329227e-001
    -2.8635292028876584e+000 3.3513280846820287e+001
    8.5716514798910183e+001 2.6187441351952992e+002
    -1.7414433807414098e-001 -8.5872932447746651e-003
    -2.3909195628919830e+000 -2.4730236684795514e+001
    1.1770867220244487e+002 2.7494637169502676e+002
    -1.8092886202932715e-001 8.1116375017790381e-003
    -2.4119021247845192e+000 -2.4860213305849005e+001
    1.2023891209688576e+002 2.7300180810743001e+002
    -1.6756714254231403e-001 -4.5517246678356922e-003
    -2.4195388832842282e+000 -2.3280017917042244e+001
    1.1998264883349430e+002 2.7351439599809839e+002
    -1.8333282027647199e-001 6.3188871998685180e-003
    -2.4204655419269030e+000 -2.3848012652212610e+001
    1.2025557268809408e+002 2.7119867627563821e+002
    -1.8967194135890736e-001 4.3407082847931504e-003
    -2.3479547242933774e+000 -2.6061564771047351e+001
    1.1852633137414603e+002 2.7150350603420333e+002
    -1.8899337457687249e-001 -6.5690068297961845e-003
    -2.2008431966347914e+000 -3.0403348200145409e+001
    1.2471254578197195e+002 2.7485895167430681e+002
    -1.9545766726160485e-001 -1.3536124047582473e-002
    -2.0403534787296302e+000 -4.4427154229017482e+001
    1.3344244870946352e+002 2.7662244423844817e+002
    -2.0459461168488147e-001 -1.1956692275641442e-002
    -1.9234219212111254e+000 -5.8580661358465022e+001
    1.3192610440576235e+002 2.7912730642383912e+002
    -2.0363319175738887e-001 4.1921925692727834e-003
    -1.8169138083781478e+000 -6.6544639321539677e+001
    1.2790610832706972e+002 2.8281166615855045e+002
    -2.1982274956455647e-001 6.3696306577607992e-003
    -1.7287852920905562e+000 -7.1386661327896419e+001
    1.2292803500428640e+002 2.8076727815911391e+002
    -2.2911228499805442e-001 1.0606622177976746e-002
    -1.6623387077488381e+000 -7.1335456588077392e+001
    1.2313686597644445e+002 2.7875104684907956e+002
    -2.2606347334463370e-001 1.6426166447096650e-002
    -1.5779399640655134e+000 -7.5039753038985594e+001
    1.2442978671772583e+002 2.8194526831684811e+002
    -3.3341695928904846e-001 -2.4965781529591630e-002
    -1.4701010824829990e+000 -8.7916137844497371e+001
    1.1815766009537352e+002 2.7090323791779645e+002
    -2.2866532011219071e-001 7.1335928821089786e-002
    -5.8759637527180952e-001 -1.7215425350193536e+002
    -2.4228484975313666e+001 3.0040449866667319e+002
    -2.0772296099001855e-001 5.1654362984229110e-002
    -6.2603608890816065e-001 -1.8356753519460364e+002
    -1.8523540525109677e+001 2.9521779832622661e+002
    -2.0880204618852594e-001 5.0774022320746258e-002
    -6.2318985266016425e-001 -1.8297798390342138e+002
    -1.9231721878359242e+001 2.9576560383683773e+002
    -2.0932435809155489e-001 5.2653718001099518e-002
    -6.1573650499540089e-001 -1.8143847400827875e+002
    -2.0838836686025346e+001 2.9633097729163416e+002</data></Extrinsic_Parameters>
