<?xml version="1.0"?>
<opencv_storage>
<nrOfFrames>25</nrOfFrames>
<image_Width>640</image_Width>
<image_Height>480</image_Height>
<board_Width>9</board_Width>
<board_Height>6</board_Height>
<square_Size>25.</square_Size>
<FixAspectRatio>1.</FixAspectRatio>
<!-- flags:  +fix_aspectRatio +fix_principal_point +zero_tangent_dist -->
<flagValue>14</flagValue>
<Camera_Matrix type_id="opencv-matrix">
  <rows>3</rows>
  <cols>3</cols>
  <dt>d</dt>
  <data>
    6.1426790739286582e+002 0. 3.1950000000000000e+002 0.
    6.1426790739286582e+002 2.3950000000000000e+002 0. 0. 1.</data></Camera_Matrix>
<Distortion_Coefficients type_id="opencv-matrix">
  <rows>5</rows>
  <cols>1</cols>
  <dt>d</dt>
  <data>
    -1.2271119347047912e-001 1.3905730575789763e+000 0. 0.
    -4.9904526700547569e+000</data></Distortion_Coefficients>
<Avg_Reprojection_Error>9.0837943250625619e-001</Avg_Reprojection_Error>
<Per_View_Reprojection_Errors type_id="opencv-matrix">
  <rows>25</rows>
  <cols>1</cols>
  <dt>f</dt>
  <data>
    9.43247795e-001 1.06662643e+000 1.19851911e+000 1.20726168e+000
    9.97376680e-001 9.34920430e-001 1.07686853e+000 1.07191241e+000
    1.03165364e+000 9.40330148e-001 9.40459967e-001 7.40477622e-001
    7.73727536e-001 9.48399007e-001 8.30100954e-001 7.85337090e-001
    7.23182797e-001 7.90383816e-001 8.26057613e-001 8.04762661e-001
    7.05020666e-001 8.35713267e-001 7.55505681e-001 7.33449340e-001
    7.50235438e-001</data></Per_View_Reprojection_Errors>
<!-- a set of 6-tuples (rotation vector + translation vector) for each view -->
<Extrinsic_Parameters type_id="opencv-matrix">
  <rows>25</rows>
  <cols>6</cols>
  <dt>d</dt>
  <data>
    2.1899990275356336e-002 1.1761862248125028e-001
    3.0933362160605666e+000 1.0554051265041463e+002
    6.6490086625608058e+001 2.5705167208928117e+002
    2.8820532607224295e-002 1.1421559821501501e-001
    3.0927277973069356e+000 1.0574896923476496e+002
    6.7077983864912341e+001 2.5523062426122422e+002
    4.3911661095010761e-002 8.5469679892944711e-002
    3.0905962080110982e+000 1.0599338330425894e+002
    6.5575754281206542e+001 2.5427284619339568e+002
    4.1731086479409624e-002 8.5971076649036166e-002
    3.0907258215930913e+000 1.0559502602846791e+002
    6.3880149091015475e+001 2.5483821182878029e+002
    2.1439503107158281e-002 1.2741177398181577e-001
    3.0879682690214931e+000 1.0520423758514644e+002
    6.4702784967357942e+001 2.5655731201056642e+002
    1.6852365271345409e-002 1.3039155390056742e-001
    3.0867654100162367e+000 1.0557532625525630e+002
    6.5478184085233835e+001 2.5775783361687684e+002
    2.0335128934578187e-002 1.1954839282818740e-001
    3.0882307281621073e+000 1.0676828499773693e+002
    6.4844896371232920e+001 2.5841406930265128e+002
    1.7406038062537287e-002 1.0362084839825482e-001
    3.0878125687186495e+000 1.0697038243634006e+002
    6.3523022572436282e+001 2.5907718227614151e+002
    -1.6391717155444331e-002 8.8713520519340283e-002
    3.0899792278292244e+000 1.0773488904532223e+002
    6.5319377823279950e+001 2.6362191356539961e+002
    -1.0290566163213904e-001 8.6519421239637670e-002
    3.0952194175867800e+000 1.0754505743278263e+002
    6.9364932255319403e+001 2.7481032024829767e+002
    -1.6010825564493364e-001 1.0679485572984754e-001
    3.0954740531299931e+000 1.0619662700506761e+002
    7.1102375652715025e+001 2.8309332555579903e+002
    -2.4043326794186992e-001 1.3861142398432838e-001
    3.0874908955641307e+000 1.0343286078712087e+002
    7.0763660312310776e+001 2.9442181023153609e+002
    -2.7723596985369020e-001 1.2992755913587714e-001
    3.0916842390033450e+000 1.0136927873947515e+002
    7.2108477209423199e+001 3.0106308437386053e+002
    -3.1674874048144885e-001 8.6896171270316777e-002
    3.0839276722908440e+000 9.9728781234335713e+001
    7.0326433618676347e+001 3.0872522233304193e+002
    -3.5641105766340697e-001 1.2771984700044628e-001
    3.0799266375534526e+000 9.7641293765603535e+001
    7.1619769604676250e+001 3.1401489525452365e+002
    -3.7877166707511917e-001 1.6030522488573762e-001
    3.0819184666063353e+000 9.6786139295916939e+001
    7.3109975832166214e+001 3.1708533236439973e+002
    -3.8598218774489623e-001 1.5903080731453953e-001
    3.0799288251314478e+000 9.6225844435298555e+001
    7.1855138882814330e+001 3.1851317223147589e+002
    -3.7303943243019333e-001 1.5895433700961825e-001
    3.0817183026621846e+000 9.6367561810374539e+001
    7.1398237313348062e+001 3.1698253185321738e+002
    -3.7153426451362481e-001 1.3653409589195903e-001
    3.0768406271239748e+000 9.6052968564504752e+001
    6.9485512200413055e+001 3.1758598575529356e+002
    -3.7620563250809624e-001 1.2808258001800693e-001
    3.0813762653301917e+000 9.5667331682420468e+001
    7.0709149720963325e+001 3.1794035540586350e+002
    -3.7141343805904137e-001 1.5923714593421104e-001
    3.0758429236140459e+000 9.5417162931971873e+001
    7.0107802162072147e+001 3.1698655492818648e+002
    -3.8395261492716926e-001 1.3836251508867117e-001
    3.0703463336689736e+000 9.4616209429359429e+001
    6.8305288772483763e+001 3.1890962092209213e+002
    -3.8044195020602445e-001 1.4132162238363336e-001
    3.0687915681473457e+000 9.4705199066791167e+001
    6.7695793925023210e+001 3.1869743298464408e+002
    -3.6297864032106208e-001 1.5584562024288978e-001
    3.0743690568960589e+000 9.5438905667344201e+001
    6.9405483744195607e+001 3.1556719725640284e+002
    -3.1939853875207397e-001 1.4037557226870667e-001
    3.0758719838665920e+000 9.6606120465733753e+001
    6.8215968665982089e+001 3.1055005711933410e+002</data></Extrinsic_Parameters>
